-7.294351097494727654e+00 1.227667586729990212e+00 7.788432799833547904e+01 -1.801247129822872051e+00 4.408973923163687636e-01 1.796687241473605809e+03 2.262112982075986878e+00 3.288824120823049952e+02 1.579094653703591860e+02 1.670176479345279741e-02 8.103633640599116061e-01 1.427189654113806583e+01 1.560791128592159112e+02
-8.831443632319061265e+00 1.091614195955634026e+00 7.758402040414897272e+01 -1.478913130623179306e+00 4.351348384694900817e-01 1.745095232566219693e+03 2.122697886606074835e+00 3.331954854876707941e+02 1.602371774320546649e+02 1.828041693026840470e-02 6.791310209924518171e-01 1.412241968859398966e+01 1.489142524834496442e+02
-8.201167200423393311e+00 1.262913300812080530e+00 7.636857871079665472e+01 -1.524936819617867867e+00 3.733105308666966327e-01 1.772423528861871773e+03 2.269263621414721488e+00 3.438034856842149338e+02 1.578531871091640539e+02 1.467981381721954366e-02 2.485140329938352988e+00 1.590996673922193949e+01 1.597837554779346192e+02
-1.029268598353956321e+01 1.134096077004590475e+00 7.342830550291506597e+01 -1.392925661016832128e+00 3.563581292589951821e-01 1.654188304290505585e+03 2.211539194652722085e+00 3.542977854350901339e+02 1.584664634255473743e+02 1.466926157614249424e-02 3.007819266059926555e+00 1.544367163464118953e+01 1.572813784590772741e+02
-8.329354001266414897e+00 1.008151085391993940e+00 8.061477149744924020e+01 -1.012157115308186084e+00 4.173190295086204316e-01 1.487548697592995040e+03 2.054468071054497802e+00 3.572359229032172152e+02 1.673006649188222923e+02 5.925705426816900434e-02 5.604067494734069621e-01 1.042675662819018712e+01 1.324003754961552204e+02
-8.465312609553231837e+00 1.074610440875684025e+00 7.816072026246355620e+01 -1.324519108598654293e+00 4.307336669769977200e-01 1.408419444895333527e+03 2.139882966962032729e+00 3.252227670678329332e+02 1.596852720272491695e+02 1.817156782168375534e-02 5.969144175235279182e-01 1.077825577832980564e+01 1.442158965836943310e+02
-9.051230625495584547e+00 1.098868599499544407e+00 8.164826377752093833e+01 -1.321800629588593790e+00 4.949268837877382476e-01 1.560711896102169248e+03 2.257499980183032662e+00 3.414268138775065609e+02 1.632566642566145276e+02 4.467866909616108329e-02 1.990389687339032265e-01 1.170201244809135055e+01 1.501618371333171922e+02
-7.981693186787474303e+00 1.189674557586488213e+00 7.545013251594056669e+01 -1.661406118848775870e+00 4.139591204003684743e-01 1.760079099915054258e+03 2.220838994286825407e+00 3.708307106292324420e+02 1.642308210826970765e+02 3.419910110475381931e-02 1.130806962675235505e+00 1.369585892266111138e+01 1.449948191355514098e+02
-7.241589788630095725e+00 1.194564442320758202e+00 7.391084138964340866e+01 -1.140532527196027601e+00 3.520261191413731061e-01 1.488478598043342799e+03 2.276414175657051508e+00 3.252328070909420603e+02 1.550302483743943185e+02 7.884615200459970871e-03 2.419523473917330136e+00 1.178837974871249905e+01 1.542605225844746144e+02
-8.405499473930982290e+00 1.041038249525843007e+00 8.211651694574474902e+01 -1.872245928305097618e+00 3.812330473733182568e-01 1.739112428575970853e+03 2.140452201578793012e+00 3.422197954533976372e+02 1.602122108729938361e+02 1.459656610950447325e-02 2.256061168961819519e+00 1.321263281482611163e+01 1.505700722199366908e+02
-1.076455606366466888e+01 1.110688782550690146e+00 7.497684106928988967e+01 -1.697524435017284006e+00 3.621658530502834816e-01 1.725079819666710819e+03 2.021188909040333659e+00 3.377644694602387290e+02 1.580977437204247167e+02 1.020352489494368194e-02 2.613914537926609771e+00 1.776467928235065941e+01 1.538554142730343415e+02
-7.351450178754254772e+00 1.204841014587328285e+00 7.513342656200461533e+01 -2.281908097583796202e+00 4.395343447122474489e-01 1.515592629814484781e+03 2.016498155415297422e+00 3.493517881616908767e+02 1.641010341714698768e+02 4.295178776805267523e-02 3.384339272317993252e-01 1.214543615069424121e+01 1.316386627459320096e+02
-1.030177384130733742e+01 1.169435712077290690e+00 7.486597004603318339e+01 -1.676320643367751551e+00 4.034521385104443136e-01 1.466460964220402275e+03 2.299136957074205068e+00 3.643278694666627189e+02 1.607494721102616495e+02 2.569305874704032322e-02 1.863556697928378636e+00 1.322681561026069197e+01 1.555557467834478018e+02
-9.454677487171938566e+00 1.089503583613039561e+00 7.670845373620939256e+01 -2.097079618314268590e+00 4.172287628995903774e-01 1.619351206930882427e+03 2.055681423693532572e+00 3.465552116663695301e+02 1.615540168065271587e+02 2.228515355194863809e-02 1.000998387307157733e+00 1.387533272304459153e+01 1.437473137671565837e+02
-7.815281585082912486e+00 1.073096829870284763e+00 7.469714426744153002e+01 -1.479310644176267342e+00 3.522486790926904199e-01 1.444676517702853062e+03 2.249085200949224372e+00 3.512116360181381651e+02 1.588535290400789393e+02 1.485882458107509393e-02 2.532393723921496420e+00 1.055384271459280043e+01 1.458723496510343978e+02
-9.026280386295024272e+00 1.145196320266041790e+00 7.632297580135573867e+01 -1.216276590348279063e+00 4.957809056038382511e-01 1.459387127879277614e+03 2.087586518296652649e+00 3.624724932999340012e+02 1.688766109271309688e+02 1.303629118359420080e-01 1.646224354069839302e-01 1.152163958797184762e+01 1.321038431817229650e+02
-1.085032559525568274e+01 1.239375983621447741e+00 7.787504047683732722e+01 -1.733774733596911588e+00 3.938315335413352658e-01 1.751790373203004492e+03 2.285756545897401626e+00 3.518729561551053280e+02 1.584137972989330194e+02 1.789989138003210065e-02 2.751269231230367041e+00 1.816079558331317756e+01 1.668110742713301136e+02
-7.672994381323588797e+00 1.237790722661387566e+00 7.891363825280885180e+01 -2.198938371496054422e+00 4.189077155395246055e-01 1.447916203876470036e+03 2.123255355767322605e+00 3.339042306225778134e+02 1.600643203866623594e+02 1.651065848974227548e-02 8.934977792818132869e-01 1.243432946082040402e+01 1.447636625260496430e+02
-9.078675307198867728e+00 1.194962469911998060e+00 7.464104783483719530e+01 -2.015960669468824129e+00 4.800557277903939046e-01 1.637379813649634343e+03 2.011380799003109399e+00 3.444833322161151727e+02 1.640510786143305779e+02 4.821478764517179993e-02 9.465976323395366987e-02 1.483567886075134901e+01 1.379537479957530195e+02
-1.099495667583972036e+01 1.015717584067471924e+00 7.734900442102478735e+01 -1.060200220882309363e+00 4.979186508159582636e-01 1.558389729604550894e+03 2.120562217604540223e+00 3.560011634020580118e+02 1.665235690462063474e+02 9.190655078015580459e-02 1.155086228763851225e-01 1.258236022998539383e+01 1.422019243633324947e+02
-7.214586848018473830e+00 1.117727508434299244e+00 8.041521366717002195e+01 -1.974469590847810929e+00 4.240693240144065013e-01 1.608785140091136100e+03 2.183422013195200684e+00 3.610799597702467736e+02 1.647176127045138969e+02 3.700618565150618627e-02 8.620635913778387227e-01 1.127033491321212288e+01 1.395986866159083490e+02
-9.356634220545981151e+00 1.286793852630419233e+00 7.746502801123862980e+01 -1.221699411193779561e+00 4.295642189041012915e-01 1.658490745667799956e+03 2.074096951135091516e+00 3.301300251159268555e+02 1.608974101264394676e+02 1.606283592759954332e-02 6.610054836795072886e-01 1.735381034625624252e+01 1.517674177616721920e+02
-9.828203781312042864e+00 1.089383505357425452e+00 7.466817995058161728e+01 -1.443267704859263478e+00 3.736165746888277517e-01 1.719449382147579399e+03 2.009419185087535809e+00 3.430195065841379574e+02 1.604266315080898551e+02 1.332540082148855366e-02 1.788696674840072776e+00 1.600344906502168030e+01 1.460453926903246611e+02
-1.009314515994333306e+01 1.053711992028363298e+00 7.872391572221043532e+01 -2.109828608840471187e+00 3.835675565430980982e-01 1.554766856826560570e+03 2.149008152505996527e+00 3.262795888557096760e+02 1.557334624166977051e+02 9.891555898322008586e-03 2.533219077708360523e+00 1.382406220093020544e+01 1.578838454188642970e+02
-9.020553775288052023e+00 1.024465795117912359e+00 7.576915777812857300e+01 -2.387069929131979240e+00 3.979106857733331615e-01 1.673242287464240917e+03 2.277627527955290887e+00 3.290267488384248509e+02 1.538582307219179484e+02 1.265494058885749742e-02 2.349159562335648488e+00 1.261060228432546459e+01 1.599472355415658171e+02
-7.232502360362039084e+00 1.214244357378818640e+00 7.408664863715313231e+01 -1.499287097026792637e+00 4.992463391741770451e-01 1.458242383326793970e+03 2.271893977132319442e+00 3.517511726927614291e+02 1.639588737949647168e+02 7.875599506165886776e-02 2.866439664147673594e-01 1.055616698255321850e+01 1.386217890873488727e+02
-7.223034347171916281e+00 1.299064254482730885e+00 8.233484339095103621e+01 -1.208876833341338219e+00 3.654487645693129116e-01 1.538910329344525280e+03 2.153369971644444991e+00 3.477690091146392888e+02 1.630213323913444299e+02 1.579074459151927345e-02 1.974150098504227291e+00 1.354089630302825853e+01 1.471975298674474573e+02
-8.044858882185501159e+00 1.127162205351226465e+00 7.512522425278845617e+01 -1.397945559522638881e+00 3.541393512050097225e-01 1.798511123266106097e+03 2.059105295241565603e+00 3.512702748675876023e+02 1.613832126112278900e+02 1.471830169918066783e-02 2.144569419587042169e+00 1.495014274973918234e+01 1.430570518287183006e+02
-1.009798993104807607e+01 1.105717562255356112e+00 8.082225384578678984e+01 -2.140884686508793155e+00 4.905984174787253460e-01 1.662741021143433500e+03 2.261861945430946097e+00 3.570437699697323524e+02 1.633841241804019262e+02 4.414967752661010103e-02 3.735402482970977545e-01 1.352812794423955189e+01 1.541377738347987361e+02
-1.080415586573958997e+01 1.253870155631700012e+00 8.180653520528349532e+01 -2.176184774926911647e+00 4.393982116697254248e-01 1.761010250965503246e+03 2.029686152546667621e+00 3.287040304560682671e+02 1.600425802601174894e+02 1.509397890463528777e-02 9.999551165555788934e-01 1.996273897113231754e+01 1.590798409679238148e+02
-1.094676927757711304e+01 1.193170232607137393e+00 7.985915938277054238e+01 -1.952047008180688659e+00 4.077557353984277988e-01 1.787091004821872048e+03 2.299705757685692298e+00 3.690938755273512015e+02 1.615793493693717551e+02 2.437425711025542618e-02 2.568419557578330625e+00 1.734714427855609742e+01 1.641167264384820044e+02
-1.061555530932688463e+01 1.117310512388643762e+00 7.399531417799752830e+01 -2.296514306110787995e+00 4.045158949741908816e-01 1.478122176575077219e+03 2.163092546896755231e+00 3.674148700602189024e+02 1.618353899477012305e+02 3.115165644790673927e-02 1.699964658213371393e+00 1.349199549275271259e+01 1.479772049248077508e+02
-1.012926737313915382e+01 1.211845992179999332e+00 7.411224901749325511e+01 -1.879181074531282691e+00 3.602954836273978834e-01 1.669528030356061436e+03 2.253080655915189023e+00 3.607210081392848906e+02 1.585269023264553141e+02 1.658404056407680391e-02 3.300617440859852536e+00 1.629431148373241101e+01 1.600417951014197513e+02
-9.079651674028578867e+00 1.290426861298634931e+00 7.302002846514881185e+01 -1.140588852449360369e+00 3.943490523588838448e-01 1.777868033527098305e+03 2.046233961633503018e+00 3.322110808604387557e+02 1.593902882012841076e+02 1.224630139365653729e-02 1.134643827843238917e+00 1.869420635051741542e+01 1.509501531465070343e+02
-8.321237774346080585e+00 1.048064533849872859e+00 7.943917323541306530e+01 -2.303806407270486467e+00 4.807130333369566966e-01 1.503950919387871181e+03 2.217321210797772668e+00 3.584786840241257551e+02 1.644340014754307049e+02 6.600015505763867640e-02 2.687440739784443533e-01 1.043691046275163181e+01 1.400446299328797295e+02
-8.505995173179320190e+00 1.034833949807512310e+00 7.592526836612580610e+01 -2.027978666860650314e+00 4.313172270871779568e-01 1.751893885947227773e+03 2.021279545559132806e+00 3.263051839158928260e+02 1.590377726028197571e+02 1.470887898837296322e-02 5.945461847229587260e-01 1.369435145038749724e+01 1.426783277587877592e+02
-8.603536622239477794e+00 1.100901073661790575e+00 7.742875144510236396e+01 -1.730285898100973885e+00 4.804285482014020725e-01 1.786897964774636421e+03 2.065666564190238308e+00 3.285947748188199284e+02 1.614316502774896946e+02 2.603966033734190708e-02 1.502031601171526787e-01 1.439898364953517529e+01 1.442234981320335692e+02
-7.889230273110745983e+00 1.238175811944497884e+00 8.088887630863105471e+01 -2.381598359764393269e+00 4.572109734796330760e-01 1.546394049924691217e+03 2.230978454447846371e+00 3.650812044294754628e+02 1.651450813379898648e+02 4.727978374734610051e-02 5.765751851964331376e-01 1.241529394749917792e+01 1.447109354768638241e+02
-8.763903959605325866e+00 1.185014622987077493e+00 7.573246323748371367e+01 -2.246281849338961134e+00 4.086766975180139982e-01 1.483628175078892127e+03 2.282957897467227770e+00 3.276616069540647800e+02 1.548631683535664081e+02 1.217604074318466394e-02 1.745734072812522575e+00 1.274706993867816429e+01 1.589573900767205714e+02
-9.969101337322223699e+00 1.208298520445050039e+00 7.854017428942223944e+01 -1.098026367670276393e+00 4.015397146729161038e-01 1.518784853983351013e+03 2.045533236964010460e+00 3.720633557250098988e+02 1.682631933582855197e+02 5.310136750204132866e-02 1.017114836723744808e+00 1.479030218109476991e+01 1.397524466683405251e+02
-8.371371654787013838e+00 1.248137262507065248e+00 7.604092208590172675e+01 -1.643388470154662828e+00 4.433749751336247269e-01 1.665074325214072815e+03 2.119809329291745481e+00 3.413120748426943010e+02 1.618802159218383281e+02 2.454887162839240397e-02 4.996978252427472511e-01 1.491823151269580272e+01 1.460646388295469649e+02
-7.204011083087894285e+00 1.169982784794824759e+00 7.936111694672706562e+01 -1.150920707595213255e+00 4.957647927730539084e-01 1.584483070585715950e+03 2.180376197807653682e+00 3.613865308268788112e+02 1.687226147499294768e+02 1.129164848341434463e-01 2.188543046188797248e-01 1.099026779933071296e+01 1.339280501440716478e+02
-8.442517589004587819e+00 1.233126388862607392e+00 7.974416480280962105e+01 -2.209006296532022517e+00 4.833781632875654988e-01 1.586575134167748047e+03 2.146788097486773239e+00 3.711194864357101437e+02 1.682394659712750524e+02 8.855701078601103948e-02 1.946211398044505880e-01 1.309365707876222373e+01 1.387251905687149076e+02
-1.012989311451197239e+01 1.180625312052198117e+00 8.145212707122030338e+01 -1.302926824826567076e+00 4.588373330642775971e-01 1.770267430390932304e+03 2.286290929869900346e+00 3.412039145945652763e+02 1.607029735338199430e+02 2.357156797945614626e-02 8.120707190891437444e-01 1.609938616268727429e+01 1.631484771989446472e+02
-1.083952545283837665e+01 1.018634898962491597e+00 7.716681311418433609e+01 -1.565126902651210683e+00 4.485933269395381839e-01 1.773371629084967481e+03 2.145714964402716252e+00 3.360444292671156177e+02 1.594630965028745209e+02 1.957605816176185079e-02 7.602997789638965553e-01 1.541429144999017709e+01 1.558106890322809761e+02
-1.008709278098996620e+01 1.062963630556174932e+00 8.101259244379835422e+01 -2.386789086357354872e+00 4.540442854913347981e-01 1.600105296911109008e+03 2.258837848712774932e+00 3.692997594667670569e+02 1.640063662027603755e+02 4.316181399067908070e-02 1.010174682140744684e+00 1.263992849098792526e+01 1.516629113215675773e+02
-7.515536143422925086e+00 1.191802122006046183e+00 8.155467589743943790e+01 -1.500234376079908394e+00 3.696046403817318526e-01 1.515999295712540061e+03 2.142496818161667704e+00 3.714390247354899088e+02 1.666087854256387857e+02 3.244806475705461213e-02 1.879048377109781232e+00 1.200341608775784863e+01 1.389504047407646112e+02
-9.557268199121477181e+00 1.005782149724567143e+00 7.938323676048662492e+01 -1.449299592583350282e+00 4.289066879254243014e-01 1.791884860686481034e+03 2.214149796755590316e+00 3.703686600413892620e+02 1.651650522126081455e+02 3.993229280363212036e-02 1.085783563621498748e+00 1.308484175321337517e+01 1.479288475640081231e+02
-1.092429692561069920e+01 1.123409098781768201e+00 7.660315672669537435e+01 -1.993963475815194286e+00 4.064561458036302644e-01 1.779037329627544750e+03 2.221035243543137749e+00 3.449435122219330196e+02 1.575682681975353887e+02 1.661662537477312171e-02 2.242215141073071294e+00 1.712639296257105315e+01 1.631626889665648719e+02
-1.074679250181406687e+01 1.129485010738586759e+00 7.369357184961374685e+01 -1.262965584017462062e+00 4.708120887693631462e-01 1.623126734043253464e+03 2.121964056306712809e+00 3.299725326187937071e+02 1.597223419167043517e+02 2.412402715915908796e-02 2.822143924804870752e-01 1.544854181146160776e+01 1.521691679598281155e+02
-8.616794759963017469e+00 1.111594471059843992e+00 7.740304729920450200e+01 -2.122863797110778439e+00 4.101212757991324342e-01 1.713017724243920156e+03 2.122314949775138793e+00 3.630435117619670677e+02 1.635943611074946205e+02 2.891090779520805176e-02 1.253447781088602220e+00 1.357403839150449265e+01 1.429903229030423972e+02
-8.994223850053494118e+00 1.220469589451157466e+00 8.215704425807295763e+01 -2.352204390946049717e+00 4.022713601065827094e-01 1.419168864915829317e+03 2.082337718513841640e+00 3.338227506214695950e+02 1.600432082247323535e+02 1.326467875344446851e-02 1.576826039087858788e+00 1.374520367898369422e+01 1.496263265297900489e+02
-1.097603091681086873e+01 1.085574731081731636e+00 7.986630652631295391e+01 -1.974056328812088479e+00 4.188508268881532270e-01 1.614098036183051136e+03 2.129434026989317275e+00 3.702567119894438861e+02 1.650720588425524795e+02 3.686038000559539035e-02 1.472895591555480443e+00 1.471240513738234057e+01 1.493086640060230650e+02
-7.970515315872793494e+00 1.062887856076239146e+00 7.556398260562500013e+01 -2.026515518811614847e+00 4.981990434266256873e-01 1.412045174684667927e+03 2.141961559729192999e+00 3.384077495544569274e+02 1.625324430876446513e+02 6.674138984626652726e-02 1.334016079768739760e-01 9.829088120038417031e+00 1.349072998299996868e+02
-8.560246961358643603e+00 1.194184014815930617e+00 7.770530099709482386e+01 -2.106971039792904232e+00 4.082527101185750573e-01 1.614535503596405078e+03 2.152577994135882022e+00 3.297601870635592149e+02 1.576246763151552273e+02 1.255090898659224838e-02 1.410802608247403223e+00 1.435292028148271903e+01 1.532859166735443353e+02
-1.094507552170688314e+01 1.155421811903824425e+00 7.279521844878064485e+01 -2.235996123071044117e+00 4.049967421022685476e-01 1.520381646207216818e+03 2.164527684122929951e+00 3.511840822447923074e+02 1.585800019261661475e+02 1.866299336533135816e-02 1.771870549658326466e+00 1.514074628772029207e+01 1.544441870543047628e+02
-8.780611722685907949e+00 1.248523993445786129e+00 7.720346103905465895e+01 -2.098404143694152957e+00 3.929545704016171315e-01 1.769026081468026860e+03 2.176020542999332896e+00 3.429200298199963299e+02 1.585816482887228176e+02 1.540239496617619268e-02 2.029635885885618940e+00 1.679361007689369245e+01 1.568811726503428758e+02
-8.784335798735135370e+00 1.001142036965487980e+00 7.681113776739330490e+01 -1.993838944050763562e+00 3.635804857430853243e-01 1.470849588639749527e+03 2.111859163101222681e+00 3.467753171095736775e+02 1.595136656808382440e+02 1.465893428668881178e-02 2.352229330193945867e+00 1.104833825712571738e+01 1.428099433596955521e+02
-1.097926655739096446e+01 1.094684171701117537e+00 7.436940426070070487e+01 -1.103711969456868225e+00 4.177871268396643467e-01 1.718181332205863100e+03 2.235631068197649451e+00 3.409363412838687850e+02 1.581978875776052291e+02 1.698859041667703101e-02 1.408509503548691422e+00 1.584468504677696110e+01 1.607721911151795950e+02
-1.094062152125977150e+01 1.124192222524225571e+00 7.297382193787056792e+01 -2.301030230115584718e+00 3.606988735060840390e-01 1.602970341217273699e+03 2.160066559993268687e+00 3.699087778568145382e+02 1.601137778390140340e+02 1.882903013990905663e-02 3.235593441978746210e+00 1.555693966250210281e+01 1.532325328428307785e+02
-7.750792965241642740e+00 1.077939197889459244e+00 7.603248947343492148e+01 -1.516950325695396229e+00 4.661884249006887915e-01 1.562670359294237869e+03 2.064756472648496821e+00 3.727918856795964757e+02 1.697701165187882282e+02 1.265361282219141792e-01 2.185124971386200043e-01 1.062163303734043929e+01 1.265828992394283148e+02
-7.140839248637974812e+00 1.005338681734988970e+00 7.398811948358378743e+01 -1.942642208037442808e+00 3.731939428836986150e-01 1.502074897785919347e+03 2.195357087133908536e+00 3.477601206620548737e+02 1.588387929895236539e+02 1.691241920426981085e-02 1.806845347439651084e+00 9.850863448887318796e+00 1.395191151879043900e+02
-9.708597089884417386e+00 1.088740357219679877e+00 7.818871658490392917e+01 -1.081481780625452416e+00 3.611238468883358199e-01 1.799307163068041518e+03 2.109588266288920710e+00 3.417814595833500562e+02 1.597201505616877739e+02 1.246974773345459718e-02 2.563217425875975231e+00 1.630089120080093323e+01 1.546953336311043188e+02
-9.343997320190748468e+00 1.188848833332591948e+00 7.624272896049184567e+01 -2.154833383039595152e+00 4.076492156216879326e-01 1.752306519967583426e+03 2.023655193746380476e+00 3.267152150159496387e+02 1.579087109211795337e+02 1.132133152843258807e-02 1.262533493034754040e+00 1.745857409579900477e+01 1.515975623525062304e+02
-7.878463387065602674e+00 1.153579143663131745e+00 7.675584790338010066e+01 -2.319177943682046994e+00 3.505575384987100196e-01 1.789148092923360537e+03 2.239044987666640285e+00 3.564911983135414744e+02 1.582476465018580711e+02 1.583308222965031792e-02 3.470167293807533415e+00 1.427728837659646821e+01 1.546119758980918846e+02
-8.193563445181078819e+00 1.141818363838320138e+00 7.606848844207227955e+01 -1.428158118116867215e+00 4.291431698011290985e-01 1.506248942095907523e+03 2.299202898000100248e+00 3.358586587133888770e+02 1.583826354993125278e+02 1.815023510435667675e-02 9.200594919682127948e-01 1.143023917751962948e+01 1.525664026937236031e+02
-8.013137582336272047e+00 1.286798104210300053e+00 7.855706091654955969e+01 -2.258514295113522863e+00 3.522929782797064036e-01 1.511645334010846000e+03 2.207199172791162400e+00 3.312929469824971420e+02 1.557294368335172408e+02 9.634418841861279101e-03 3.252300582888217662e+00 1.437329011513937616e+01 1.580428134402523028e+02
-9.646611627657346588e+00 1.018334756368307836e+00 7.310341100427831407e+01 -2.333446537205674964e+00 3.935621767468552301e-01 1.760292953387863918e+03 2.192353220268884240e+00 3.485860833405637322e+02 1.571540867765559710e+02 1.606708864191221109e-02 2.174188439285061225e+00 1.395709279927560331e+01 1.535283909356507763e+02
-7.458731012346601297e+00 1.060111262825691902e+00 7.755813423828763575e+01 -1.989833103307213635e+00 4.774734353105630213e-01 1.572492375436137081e+03 2.067326526497081041e+00 3.577875373271655803e+02 1.670350985162403674e+02 9.000176072385705772e-02 1.478845003000458236e-01 1.045786497567218731e+01 1.291365846675347768e+02
-7.378111805420947356e+00 1.120345547926811847e+00 8.042622927807769884e+01 -1.234547111661266072e+00 4.252924212878266830e-01 1.789054909073222461e+03 2.295606439234120444e+00 3.635862146592399426e+02 1.643889777892018742e+02 3.356233451887372099e-02 9.980385669248141856e-01 1.223626706118257701e+01 1.481723313586292932e+02
-1.046012527853460483e+01 1.081948883548771612e+00 7.599927939620083350e+01 -2.280592934966934493e+00 4.638586646828982696e-01 1.598278326051510248e+03 2.102818262838916041e+00 3.523158482660398931e+02 1.625326429209541175e+02 3.952297832264360655e-02 4.142059519689811342e-01 1.394572572206767980e+01 1.458785083625281800e+02
-7.117794926568304703e+00 1.144674279064833211e+00 7.671493963647769476e+01 -1.151109056241094164e+00 4.469253470866624278e-01 1.619764257250763194e+03 2.019364898452590040e+00 3.669400390733568429e+02 1.698696013659018433e+02 1.009741980292096775e-01 2.804099735006860272e-01 1.149680292561065542e+01 1.263829180789185500e+02
-1.052174479926207340e+01 1.052120928944912492e+00 7.893244625497813161e+01 -1.074149129768519506e+00 4.940719698930561843e-01 1.493012603014187789e+03 2.204878782559149819e+00 3.688918835038953148e+02 1.681179592534745098e+02 1.170711590919207151e-01 1.814091820251198528e-01 1.167304591815450188e+01 1.425011020337467187e+02
-7.790970953852415448e+00 1.028253970500126124e+00 7.625814004688680825e+01 -2.263948737677007550e+00 4.820580765172634008e-01 1.437030448866580400e+03 2.063052531729177463e+00 3.541909019631310116e+02 1.658113963457925024e+02 9.435226259325169007e-02 1.143696827636165592e-01 9.671915748180300199e+00 1.279770079337639288e+02
-1.067711541264258024e+01 1.124899453717205677e+00 7.527912085094718009e+01 -2.365259521249658548e+00 3.568462571277094542e-01 1.726364177037517720e+03 2.084877096964796284e+00 3.402442988198347962e+02 1.563068842746894802e+02 1.137190979734822339e-02 3.417360155770162056e+00 1.766676032125026552e+01 1.584280648175608235e+02
-9.811718987050227270e+00 1.180550890738830017e+00 8.146110349028116104e+01 -1.039231070394868617e+00 4.082598751833229067e-01 1.673352386329721412e+03 2.255583984838600564e+00 3.340420129304038142e+02 1.590535924203825289e+02 1.484681298166848351e-02 1.705727790774074215e+00 1.550843159718067099e+01 1.630243774407372541e+02
-8.570125058557385600e+00 1.063377933002747966e+00 7.274679721647025588e+01 -1.238470749889025724e+00 4.443196401266047979e-01 1.491313231686191102e+03 2.188063248438721686e+00 3.412610564375854665e+02 1.607563411661071200e+02 3.420054522162421090e-02 4.782906500163200403e-01 1.077729655595142866e+01 1.415175993684144657e+02
-8.554213905711643307e+00 1.175781850730232225e+00 7.958476482765843230e+01 -1.308030787496338387e+00 4.030638789940064748e-01 1.679526967111633667e+03 2.056282825965157102e+00 3.717740165975573632e+02 1.682855575245431794e+02 4.651605425579397046e-02 9.743978764639337209e-01 1.420064018248928939e+01 1.374537339677072509e+02
-9.017529093071734891e+00 1.018223144879547792e+00 7.318948328445762286e+01 -1.971793181823434660e+00 4.166359822915932654e-01 1.604004469775785992e+03 2.048126594321714400e+00 3.510273990617967002e+02 1.619169297648409724e+02 3.077952646934647291e-02 7.797821666307923616e-01 1.211940207385811696e+01 1.370104260523628454e+02
-1.070494853959363368e+01 1.133659809567987065e+00 7.539828721547411305e+01 -1.779350056160014848e+00 3.623738305118188729e-01 1.784309729910757596e+03 2.090601442758762030e+00 3.230689227219006057e+02 1.545436552473347831e+02 9.264920754630071378e-03 3.055035005102895163e+00 1.864406969565106920e+01 1.625770784274668586e+02
-1.021138514108235995e+01 1.286268727215934549e+00 8.218549824580586005e+01 -2.328722540239393624e+00 3.928849734183459952e-01 1.662609170263611986e+03 2.130902059676109239e+00 3.511042871257669731e+02 1.611120530760948384e+02 1.718708806081193155e-02 2.505456041374412468e+00 1.817261923803598123e+01 1.592319743483897128e+02
-8.641625592368598063e+00 1.001953908441366004e+00 7.921855801070542213e+01 -1.440789611413852755e+00 4.937684091982587065e-01 1.608813515183149320e+03 2.107520850586581673e+00 3.485710809517443067e+02 1.660509476797037394e+02 7.853388588516847790e-02 1.164537690403927295e-01 1.085849078771585496e+01 1.359039676063541719e+02
-9.360670861379858820e+00 1.091960394061226358e+00 8.210648479349575268e+01 -1.842515585935764477e+00 4.650562028819656968e-01 1.591764813836549365e+03 2.195254213118009723e+00 3.284897964602548655e+02 1.598637816778833383e+02 2.030961371617193145e-02 5.039243843047469529e-01 1.288738455030853736e+01 1.543892560916075070e+02
-1.049117640461863665e+01 1.220320950638896340e+00 7.712710431881045281e+01 -1.497834067236906597e+00 4.725226548808393878e-01 1.774215258845026256e+03 2.030795842298575238e+00 3.569713592202717223e+02 1.664419776545712466e+02 4.994204900801473002e-02 1.964977556778265133e-01 1.807282958545510709e+01 1.454041116220828087e+02
-9.935216160587353684e+00 1.209603561313307818e+00 8.226931521804213787e+01 -2.021378270776902575e+00 4.166542550907396114e-01 1.428258057158208658e+03 2.038813097402813579e+00 3.686861895185576259e+02 1.677490981243809642e+02 5.083561173487689128e-02 1.031102823727949147e+00 1.405346398406659780e+01 1.406579217127927279e+02
-8.995129352825085078e+00 1.113493485326684018e+00 8.029427201383344936e+01 -2.007530000424328165e+00 3.685034232472249593e-01 1.454915012341603870e+03 2.143107417735597764e+00 3.518729538774861680e+02 1.610610619724137962e+02 1.621253479889987748e-02 2.528335851669814005e+00 1.230075318902696679e+01 1.476505541445207257e+02
-1.086718106701128406e+01 1.278087587610982734e+00 7.447301427771544979e+01 -2.150560847250790886e+00 3.665020945921245721e-01 1.521357708757608407e+03 2.181310563516586143e+00 3.384125824283476618e+02 1.556739776573764118e+02 1.164148454672567570e-02 3.159701776177634258e+00 1.759849286527110479e+01 1.632040428212694110e+02
-7.382172455630573893e+00 1.241866150588984752e+00 8.178734963230796495e+01 -2.005950946511317223e+00 4.620410306861069683e-01 1.702085781699986455e+03 2.009033109241011861e+00 3.571832435055720225e+02 1.683885626941388693e+02 5.757438880093010414e-02 1.862281896153345495e-01 1.414089094650421963e+01 1.340165197298354371e+02
-1.002258028450024341e+01 1.289167001264060364e+00 7.992551412549180156e+01 -1.200991383708933213e+00 4.446973009429561197e-01 1.502483497188838101e+03 2.220921543472021309e+00 3.477005305434319098e+02 1.628485852909431912e+02 2.808783777943634624e-02 7.235718349008597450e-01 1.519134949875055085e+01 1.559024542147367924e+02
-1.032987419774828552e+01 1.296292641034468174e+00 7.368287593231272581e+01 -2.043982431197136407e+00 4.823235188149025965e-01 1.661452996389671853e+03 2.197997320995845882e+00 3.519459660452154708e+02 1.616932169353584925e+02 3.499882151254373602e-02 2.911245412391969545e-01 1.704434011044267194e+01 1.544493727441551698e+02
-8.648144974646516658e+00 1.093171083539576705e+00 8.128703672324898832e+01 -1.938362823864603790e+00 4.176206464194861523e-01 1.715520680027748313e+03 2.026171806583390023e+00 3.260174969176669038e+02 1.600761635512606063e+02 1.290197558621497542e-02 9.747128985600259643e-01 1.457899944909311252e+01 1.471505882024169694e+02
-8.903657143673369134e+00 1.167654658819079927e+00 7.679817379389010057e+01 -1.512923141154509432e+00 4.884234452838194240e-01 1.651908953848834472e+03 2.249751997198538245e+00 3.478072558119807240e+02 1.626769321992050266e+02 4.233420099883124926e-02 2.631584513504280354e-01 1.304631509069580808e+01 1.495099538211852064e+02
-7.294164216891368291e+00 1.297545704760973972e+00 7.426518318033807020e+01 -2.225273623257582933e+00 4.625822576140219411e-01 1.531843293204124620e+03 2.001755107628041763e+00 3.444581004306285195e+02 1.642791470226677575e+02 4.702639867749824898e-02 1.729735958772327387e-01 1.343453265662512308e+01 1.321627095783549635e+02
-8.028121296797197104e+00 1.206941916066831544e+00 7.661930866154345665e+01 -1.462331905865166926e+00 4.028763294276887508e-01 1.671370495510361479e+03 2.264077775738393417e+00 3.664753862322919531e+02 1.632331743605785732e+02 2.847639484551464303e-02 1.418676244848706913e+00 1.319759982738819026e+01 1.484736308607179183e+02
-8.122715653513584044e+00 1.209775700660802755e+00 7.321380327266534493e+01 -1.023386170279413809e+00 4.627698852258963491e-01 1.733649762506232037e+03 2.227247394375719836e+00 3.608839965996552337e+02 1.647186345338301976e+02 5.144526951741273946e-02 4.053266648761424396e-01 1.345630615792262752e+01 1.433630221587180245e+02
-7.534375555429247306e+00 1.200978897740165863e+00 7.636870295541338294e+01 -2.225465709081938304e+00 4.961878958602626843e-01 1.482541020992118092e+03 2.044965254106241748e+00 3.248861179607245049e+02 1.616667649262113571e+02 3.888757798275205291e-02 7.413823883899696432e-02 1.184125155905095461e+01 1.359557436373236214e+02
-9.824714424478637298e+00 1.020930265443491081e+00 8.170249482435369259e+01 -1.741617568511211189e+00 4.567705866776282653e-01 1.597754263515358844e+03 2.045167912115313236e+00 3.518183156384179142e+02 1.658809108514570880e+02 4.949655257948907400e-02 3.461973178871389223e-01 1.268947317673018382e+01 1.402646789227090096e+02
-7.798247408003083692e+00 1.089543669956660299e+00 8.221956001931818037e+01 -1.894211078124427905e+00 4.808225554294269233e-01 1.532632159041888826e+03 2.077149782171146875e+00 3.357807524354629436e+02 1.643444683710036998e+02 4.533196501443214482e-02 1.102990853544876249e-01 1.106085165400371828e+01 1.372242964060256156e+02
-9.965564296582080317e+00 1.211312581994011150e+00 7.546297387680328939e+01 -1.115165641389047613e+00 4.400941394061504419e-01 1.482089286785351533e+03 2.090028508532901785e+00 3.622477938365094587e+02 1.663804171216701775e+02 6.219312806524714132e-02 4.627135504092840246e-01 1.404658876549918389e+01 1.406157473129329674e+02
-1.001020000117953934e+01 1.244385672840702339e+00 7.361815707332438308e+01 -1.686394307953251959e+00 4.256537507273672194e-01 1.614915377946999115e+03 2.073238170887212739e+00 3.244406334590762526e+02 1.576663827154210651e+02 1.220310750596977252e-02 8.041685988985510791e-01 1.722461705854952640e+01 1.536456751243563019e+02
-9.808813684954483136e+00 1.237998133623827268e+00 8.090104158198994355e+01 -2.309405006660087523e+00 4.901316592408746509e-01 1.435979671426455297e+03 2.157347236990647232e+00 3.706946861035927441e+02 1.679870138115663281e+02 9.568082318892780214e-02 1.739330786485197566e-01 1.324456082339148644e+01 1.427888038251040825e+02
-1.081486787869302546e+01 1.213319022818175608e+00 8.234904828870519111e+01 -2.021810311493004164e+00 3.777562391221447324e-01 1.721008413703334099e+03 2.065576159052385119e+00 3.350426262151398760e+02 1.588854146318542746e+02 1.186698947172553503e-02 2.893666675006414835e+00 1.921685083608757694e+01 1.616037369425009729e+02
-7.889712165329571647e+00 1.041215916256731600e+00 7.599170552455372274e+01 -1.130446280751691512e+00 4.293668683191669833e-01 1.710077499135790504e+03 2.099010375566755737e+00 3.479859850540962611e+02 1.637417009382749029e+02 3.395220345696392528e-02 5.239623984979318028e-01 1.183042475665423687e+01 1.373383277015183808e+02
-7.290369710359692945e+00 1.058856336536587062e+00 8.180939725736126888e+01 -2.300545994560311058e+00 3.508979561379779177e-01 1.573457988096938152e+03 2.284905636942563767e+00 3.339351447907536681e+02 1.555971949636572162e+02 1.083297028433174297e-02 3.646872703373790436e+00 1.117630697873584644e+01 1.563835505150355800e+02
-7.935523927613360229e+00 1.122704595291746488e+00 7.978120015085731609e+01 -1.374643934527111977e+00 3.968358704641891110e-01 1.640124742907580185e+03 2.299419890508426434e+00 3.597148184070678099e+02 1.622348076671813146e+02 2.392399835119064441e-02 1.713062155504601503e+00 1.195145836970639586e+01 1.508796823790570727e+02
-9.481285343877409844e+00 1.245220209697985858e+00 7.443919748141148318e+01 -2.319427994717551567e+00 4.702417667725142802e-01 1.568729296819889214e+03 2.167679239247463308e+00 3.318192425616678065e+02 1.584045117355381080e+02 2.078223621781420671e-02 3.562846172923291310e-01 1.503378171776406447e+01 1.530163122088903833e+02
-8.503890544734179713e+00 1.097051924630101150e+00 8.214463736913943137e+01 -2.336649432258171455e+00 3.683067884201058351e-01 1.714671930733142290e+03 2.260273929104456681e+00 3.233194199392520432e+02 1.541001102076956499e+02 1.092306693587621197e-02 3.531804721759439936e+00 1.395393354056339241e+01 1.642148212033707182e+02
-1.001993735684243703e+01 1.169284724507596573e+00 7.784906826635986477e+01 -1.162692358043267093e+00 4.286076650006125366e-01 1.458592406169613469e+03 2.241487784087555113e+00 3.480425249664176022e+02 1.615191015315988636e+02 2.613056694278778624e-02 9.696130016404429508e-01 1.308221276152912083e+01 1.537181802703807421e+02
-8.440802890345972642e+00 1.253139377631817153e+00 7.309647161187164954e+01 -1.094503643670384774e+00 4.459283947710023233e-01 1.685043303868246312e+03 2.194085571811457580e+00 3.300834840463389810e+02 1.591386057530951064e+02 1.824346828372939294e-02 5.170766498124255151e-01 1.502344106447683458e+01 1.517515451672034601e+02
-1.060385906714127202e+01 1.134820506876434543e+00 7.821949346106381995e+01 -1.676958439771806919e+00 3.776388089469658316e-01 1.633121939322483058e+03 2.187489065648902553e+00 3.433765420708974716e+02 1.582438821538961236e+02 1.360748076769190650e-02 2.747575001307914988e+00 1.587970727178570485e+01 1.603661309566620332e+02
-9.013126797043339522e+00 1.193716797397596396e+00 8.268067451404854751e+01 -2.214109291752334840e+00 4.140456744434581893e-01 1.748890247633579747e+03 2.098080210772178322e+00 3.547862295300629967e+02 1.636837355935677181e+02 2.329828625215729990e-02 1.448837401467571340e+00 1.598872105465611604e+01 1.498804622586888229e+02
-1.086861516735842415e+01 1.098188784193733669e+00 7.793137805152458952e+01 -1.619695850996994757e+00 4.777742132479035897e-01 1.409162300780031046e+03 2.217340152262513797e+00 3.365524740650167246e+02 1.603731122636813495e+02 3.263971970881955620e-02 3.536019802981147375e-01 1.252625290310868778e+01 1.539759857252397239e+02
-8.515780608105021798e+00 1.150027980375877279e+00 8.128936724693085125e+01 -1.914347414574318229e+00 3.804202707429062413e-01 1.744584356433683979e+03 2.095942333303821847e+00 3.242700343448942135e+02 1.575493241503215245e+02 9.791251624242063370e-03 2.217815338629128608e+00 1.567460156899840129e+01 1.552320953605768352e+02
-8.158726696535023137e+00 1.075366641267784695e+00 7.486206683066245660e+01 -2.313472478687246259e+00 3.659951384575027000e-01 1.660941786219086225e+03 2.131218029056822338e+00 3.265924897389974717e+02 1.548257827562140960e+02 9.198952415310018838e-03 2.512472225278906901e+00 1.317592506378266926e+01 1.511841192974534920e+02
-8.328358286705721980e+00 1.102950425923092004e+00 8.268846744055689157e+01 -1.767112790274037781e+00 4.604698645131631296e-01 1.446509666289045526e+03 2.056207933510493469e+00 3.345818261188896372e+02 1.640199726686355746e+02 3.763484641469279357e-02 2.226702681704595677e-01 1.126876653389987837e+01 1.384715240391136319e+02
-8.227852635395681347e+00 1.204204035881663915e+00 7.730203405450762943e+01 -1.970244686125032008e+00 4.555834319857319237e-01 1.795331225801672872e+03 2.052072474881413644e+00 3.239481946392934333e+02 1.597565493369218359e+02 1.676146889828664804e-02 3.398769673050167084e-01 1.617397278421917051e+01 1.474917981856971494e+02
-8.439895617895977864e+00 1.165071080942925219e+00 7.745534467176888427e+01 -1.753836373013601291e+00 4.035395582588143237e-01 1.497844366962543518e+03 2.273129820818700075e+00 3.507577360504116086e+02 1.600924857508948662e+02 2.015948296146048702e-02 1.568943016994632345e+00 1.199592112171188418e+01 1.514433419632028119e+02
-1.035830281044075285e+01 1.262992964488796943e+00 7.766734781812543531e+01 -1.866599475348165837e+00 4.308931427580859896e-01 1.794304355701105578e+03 2.141998646129488648e+00 3.314288623118610531e+02 1.582048293555500607e+02 1.537511318679036891e-02 1.192262592753668526e+00 1.927089664929139445e+01 1.619130806801412632e+02
-7.453256067366158533e+00 1.131774176437849500e+00 7.674426691482445051e+01 -1.088373108538740919e+00 3.665563888895244093e-01 1.482453406297916672e+03 2.238427490737815884e+00 3.631487729316531272e+02 1.630479898402803371e+02 2.516091584637301232e-02 1.862874538610430841e+00 1.086259766535769522e+01 1.419479264893241464e+02
-1.016089072210089661e+01 1.048267723875433877e+00 7.503528462173738944e+01 -1.796636806716685575e+00 3.964943122399968156e-01 1.433695976663849478e+03 2.076345110443282405e+00 3.563664803797537388e+02 1.623617191320101654e+02 3.101048476974278476e-02 1.360967720788904156e+00 1.223132923659018090e+01 1.413153262237671299e+02
-8.027225234429655742e+00 1.088727341939304427e+00 7.690431048952969206e+01 -2.027377479075608946e+00 4.531282016143319269e-01 1.453122945872012906e+03 2.126117007300999173e+00 3.468550100075257774e+02 1.629700464749235778e+02 4.534824528517427539e-02 3.564044141163345558e-01 1.059801424711110940e+01 1.366913827049404233e+02
-8.475709533221369441e+00 1.036920020198696557e+00 7.468463980908516930e+01 -1.554065388879524612e+00 3.985817344079446434e-01 1.594192599292818386e+03 2.216915027256176174e+00 3.310464485130848402e+02 1.567146186675489901e+02 1.251176423852192778e-02 1.465272261258826703e+00 1.162142123050334064e+01 1.508827407361067117e+02
-8.910508856088661389e+00 1.263911519040112230e+00 7.298083272558174883e+01 -2.183246534480820955e+00 4.033541834683424532e-01 1.686754170767513415e+03 2.134649026710341957e+00 3.698998497009652056e+02 1.632378672592871567e+02 2.914222680776728733e-02 1.350012635296130359e+00 1.575989241616215253e+01 1.450400257223913343e+02
-9.000571307198050874e+00 1.232031856838561534e+00 8.129561814852092994e+01 -1.610237231181054662e+00 3.963699145797303647e-01 1.435740711110963275e+03 2.293816982897531886e+00 3.637046341885360334e+02 1.629465370808817397e+02 2.553272937647402263e-02 1.964559252961271874e+00 1.271497608120239242e+01 1.538069369422400996e+02
-8.243033814651660407e+00 1.003928167167168040e+00 7.476738407481992965e+01 -1.125383878439522922e+00 4.121682001438641274e-01 1.741680202250182901e+03 2.060160919886105724e+00 3.383868564660267566e+02 1.614284776181352186e+02 2.048900444227456583e-02 7.172085062273239053e-01 1.243667458534753401e+01 1.392098752525605789e+02
-8.095891094373881103e+00 1.231443540272324277e+00 7.408766418035219203e+01 -1.108235426835318949e+00 3.663879396174694603e-01 1.508428933336492037e+03 2.188227585543534470e+00 3.470565466383844750e+02 1.600793680760635880e+02 1.487626950261447707e-02 1.837708991827551985e+00 1.304187519422282016e+01 1.474573450530982086e+02
-7.917916700704630273e+00 1.163482460696379395e+00 7.355005124352140911e+01 -1.715093928891905373e+00 3.956334960733949857e-01 1.575836982972073201e+03 2.204738702750848933e+00 3.681806225394423677e+02 1.631364370276271245e+02 3.256659688853374979e-02 1.327680139304567408e+00 1.200837647928244145e+01 1.410397762537394897e+02
-1.085205775581785659e+01 1.290677126226743798e+00 7.381185837361341839e+01 -1.509888524497481566e+00 3.574322116312857456e-01 1.660193590318578345e+03 2.164908350675588178e+00 3.235546691487965631e+02 1.539942438122130568e+02 9.420689485287955106e-03 3.186111380552614669e+00 1.956581596858223904e+01 1.669739537857325615e+02
-7.585346226229524369e+00 1.243545727239367293e+00 8.259012178356063316e+01 -1.578181583135819466e+00 4.300213963330437039e-01 1.440962063690958985e+03 2.252016787485736415e+00 3.578551439649867802e+02 1.647975240413632889e+02 3.696690472653934439e-02 8.245961135638772976e-01 1.164172590389787487e+01 1.456428683302435161e+02
-1.086384783695796230e+01 1.133975124501437559e+00 7.351090596803511801e+01 -2.089163254358376243e+00 4.528125468899667494e-01 1.653851849772502874e+03 2.189807163106946231e+00 3.417179846114765951e+02 1.584024251680575617e+02 2.121702304750706231e-02 7.580590425428448409e-01 1.565400456036933718e+01 1.567349606210347304e+02
-1.007802215443721217e+01 1.044252070103622199e+00 7.727036765621151915e+01 -1.504936925164390926e+00 3.574470568218729438e-01 1.463855464434618625e+03 2.010856658723203960e+00 3.611682281038914653e+02 1.639988770322989637e+02 2.508058147267095556e-02 2.214270020232206537e+00 1.285805846066209845e+01 1.392389480069457193e+02
-9.477987194930317827e+00 1.145567090004214750e+00 7.680678572767624246e+01 -1.818908960053503332e+00 3.516971178584498703e-01 1.413375802781813491e+03 2.146622270962015300e+00 3.616063481225586429e+02 1.615032971018134731e+02 1.832813768005517319e-02 2.860122839593217225e+00 1.272874053322304455e+01 1.467476560569381547e+02
-7.547955026143073454e+00 1.204046664399471389e+00 7.548765085098006011e+01 -1.601452776346891538e+00 4.330052630895606658e-01 1.696707282181504752e+03 2.216518328261039450e+00 3.534870851330331902e+02 1.623692640585620666e+02 2.894722220220214554e-02 7.183684424619762865e-01 1.301302425619939385e+01 1.451809522379654140e+02
-9.654608748308476152e+00 1.114679877871407765e+00 8.086531446680322688e+01 -1.876914292712650090e+00 3.818187879359213888e-01 1.405084444450772253e+03 2.199384265804238403e+00 3.686345689269266472e+02 1.638307877937373007e+02 2.878306949470263096e-02 2.318681610054464493e+00 1.205861493445627808e+01 1.478225992778295108e+02
-9.286678157612451301e+00 1.144280401678049897e+00 8.038844996858486525e+01 -1.555059254227113108e+00 3.776965978921979494e-01 1.629706505166124998e+03 2.172530825108223151e+00 3.294658953866263573e+02 1.575111877683775106e+02 1.054885999024965555e-02 2.422590248342366692e+00 1.477649434051252797e+01 1.585031883630128959e+02
-1.047175799612047875e+01 1.285751435744562743e+00 7.961070549465483737e+01 -1.897961195745924812e+00 4.420900232108995187e-01 1.656965542746405617e+03 2.153017726517863828e+00 3.476598565010093012e+02 1.619304384672027481e+02 2.314023028655417050e-02 9.387915638081861802e-01 1.780851666710767134e+01 1.576245000295885745e+02
-1.067907197200685765e+01 1.090690397273559764e+00 7.383490348416049187e+01 -1.709150464249882706e+00 4.038303137974526558e-01 1.746345124600512690e+03 2.128270646989068204e+00 3.585228745450554584e+02 1.612192655679443476e+02 2.222373616921216252e-02 1.582512396771410534e+00 1.607430510286106795e+01 1.515041126210104778e+02
-1.047587696737927487e+01 1.189007642431869405e+00 7.554676432131974195e+01 -2.327536402869029963e+00 4.885623572958003313e-01 1.440669380448692664e+03 2.037163487786648020e+00 3.293312903718518783e+02 1.605773858762105135e+02 3.320242227148743203e-02 5.144609171727194952e-02 1.461714562647659221e+01 1.457952819262022217e+02
-1.059943752491372848e+01 1.062229038291843120e+00 7.346393350558810198e+01 -1.965316802921450501e+00 4.227500891514904824e-01 1.458021733651524073e+03 2.235456157597166094e+00 3.576409733835511133e+02 1.600573731960327279e+02 2.947953517983416608e-02 1.292640472427409870e+00 1.225729436017705609e+01 1.510476077024787571e+02
-9.904084378666162536e+00 1.056036269944254702e+00 8.232271865762693608e+01 -1.821576112583267681e+00 3.938631817735598339e-01 1.726669665931311101e+03 2.260304853777900913e+00 3.323836032929323210e+02 1.566707583959537260e+02 1.358618612456917278e-02 2.725837104847050885e+00 1.456266451395052997e+01 1.645395146851174673e+02
-7.240642028526877105e+00 1.167992986909176745e+00 7.514151892613135431e+01 -1.908045021978524325e+00 4.071756849431580894e-01 1.448667457282758505e+03 2.089599114678317271e+00 3.314041492887707250e+02 1.594379777313582167e+02 1.578553203141827219e-02 8.172158977734732543e-01 1.132637916409338175e+01 1.388455817685378406e+02
-8.277440865436433981e+00 1.149874553278147360e+00 7.885855106597460917e+01 -1.953173259918374427e+00 4.780645120122243852e-01 1.564128925334054884e+03 2.006532789836980690e+00 3.682552657850138758e+02 1.700883136037798522e+02 1.159178526484496846e-01 9.887466529280429517e-02 1.218117478596802172e+01 1.287052342043181739e+02
-8.265578905148744937e+00 1.287695718898704378e+00 7.620431545764444081e+01 -1.298048001845064858e+00 3.736176409020221523e-01 1.552172870472563773e+03 2.007327341358433603e+00 3.519116712949314092e+02 1.640923988791072077e+02 2.053567557198063276e-02 1.324775539397508251e+00 1.523328563613948283e+01 1.391207262475786308e+02
-8.737048672322920595e+00 1.107555787261049085e+00 7.760294954079554941e+01 -1.137915016888179309e+00 3.911116816191564927e-01 1.754915761049643606e+03 2.100337635322494734e+00 3.507290340631312802e+02 1.628329705464272195e+02 2.043506797421022758e-02 1.359789834213319670e+00 1.445543141094436912e+01 1.454789691582753903e+02
-1.001883428224699202e+01 1.231850730495419377e+00 7.623752335548360293e+01 -1.453448057036480723e+00 4.942369324589421797e-01 1.545977699682479624e+03 2.188079492153570449e+00 3.549605522838824072e+02 1.648516662539978483e+02 6.466684710549887305e-02 1.801160895815325791e-01 1.426867396152994694e+01 1.475902345794879409e+02
-1.071108364413954384e+01 1.091764971890519575e+00 8.162371312225690190e+01 -1.812711343433134337e+00 4.714414757253972965e-01 1.651768491351727107e+03 2.183752242459734205e+00 3.387077928230431780e+02 1.612220671958553453e+02 2.555553643728413274e-02 5.260518219455601052e-01 1.475983296905204867e+01 1.570433232876715124e+02
-1.077707297641924811e+01 1.289808709706625089e+00 7.803543051319545043e+01 -1.869656801918050171e+00 4.596545040111769120e-01 1.466053078410526950e+03 2.161395505398166605e+00 3.723592188128181988e+02 1.667571075483035088e+02 6.626427989766904558e-02 5.158296142792966332e-01 1.543338067788476842e+01 1.483417598803202111e+02
-8.089781295216550205e+00 1.120291890830537929e+00 7.931083765187594281e+01 -2.248065424169620741e+00 3.859247516054434834e-01 1.449914020556379228e+03 2.143978001058318483e+00 3.700459325562104596e+02 1.646974341578761312e+02 3.483553734072206143e-02 1.757989733194043724e+00 1.124634283454007289e+01 1.384481544935532327e+02
-9.210318297667539511e+00 1.261624850429723166e+00 8.198658769539449054e+01 -2.117005885425925715e+00 3.932142315961684731e-01 1.652267651119127095e+03 2.262408094135065273e+00 3.301323683573400558e+02 1.563643115546927618e+02 1.291400513192793482e-02 2.664620526002507983e+00 1.620100071662364627e+01 1.657252259456813306e+02
-7.190847562593899234e+00 1.136527816817141767e+00 7.854630299847126196e+01 -1.515307411017903005e+00 4.907438662423662667e-01 1.478167952879300174e+03 2.036411086954389216e+00 3.633213910167246468e+02 1.705175633841386968e+02 1.464103857236931927e-01 1.636241387330205355e-01 1.032375596042396992e+01 1.248495621558968480e+02
-8.976970382234203072e+00 1.094241015413780271e+00 8.153466689867879325e+01 -1.147236890308080515e+00 3.986865888292949189e-01 1.463497464752726273e+03 2.108750331920592913e+00 3.673382524414178647e+02 1.674058345622146931e+02 4.933851260256429810e-02 1.130281792509836070e+00 1.165543614804638572e+01 1.384475055163539423e+02
-7.139576377250765660e+00 1.157814407243747734e+00 7.912924978798096731e+01 -1.980750520451411978e+00 4.456263228631395235e-01 1.491441535953488483e+03 2.289743101667303993e+00 3.324372567256653497e+02 1.587477006094853493e+02 1.924151331682825983e-02 6.866737971392440354e-01 1.082556946164810441e+01 1.497425445587634272e+02
-9.945956263761054572e+00 1.215492526635754356e+00 7.688000942671038729e+01 -1.693007446474667388e+00 4.772292180075063950e-01 1.443596676540680392e+03 2.142416225239382577e+00 3.712907295051522851e+02 1.678791401670119683e+02 1.010737755910042640e-01 2.306989287480893935e-01 1.311052679842291724e+01 1.400199970353537822e+02
-1.011540261609717817e+01 1.214523102322324410e+00 8.209249792748920527e+01 -1.297708727074208701e+00 4.417477946065813121e-01 1.686729898565970416e+03 2.222135650114829719e+00 3.433356469603456844e+02 1.618488558812556164e+02 2.265144664817152209e-02 9.601392258554563020e-01 1.621508328991048842e+01 1.599533826567507333e+02
-1.083018037737184969e+01 1.092477492499824621e+00 8.241602041321614536e+01 -1.301739741137696749e+00 3.934056608552593537e-01 1.552761087935590922e+03 2.175072676197984833e+00 3.335311856378720563e+02 1.590453570359368598e+02 1.246007273508373432e-02 2.207799975006389026e+00 1.479211957564194080e+01 1.606658481305371424e+02
-9.171853039176756539e+00 1.062244319456670638e+00 7.397711090157393699e+01 -2.150256983995969762e+00 3.796559928749335677e-01 1.707792847053699916e+03 2.279475759857580996e+00 3.270387149994432434e+02 1.528885551679565822e+02 1.176736391726982030e-02 2.810872934707547621e+00 1.374066461457086419e+01 1.623621205847767044e+02
-1.059017774537017509e+01 1.111954475407602283e+00 7.283026191431480356e+01 -1.190954281744256216e+00 3.509883915735028670e-01 1.574116660003151992e+03 2.121273869132401568e+00 3.493091960509504474e+02 1.589850998854556110e+02 1.280753681868908485e-02 2.719956918623786635e+00 1.522883487229904098e+01 1.524287889646234078e+02
-9.648599457323463469e+00 1.004295191366022522e+00 7.708567310128700001e+01 -1.498405151953019709e+00 4.828781229237453787e-01 1.683663812901330630e+03 2.077101575915116349e+00 3.280785393140311612e+02 1.611736830165703509e+02 2.980440936113707903e-02 1.483486031078881107e-01 1.302058503818775392e+01 1.446269208427777642e+02
-8.620555098587798781e+00 1.148286039101156897e+00 7.923541950385369148e+01 -1.327423774346971674e+00 4.867309912209655254e-01 1.572865496403827592e+03 2.219147279366965986e+00 3.580072759511174922e+02 1.661524338667210543e+02 7.310143198598609282e-02 2.282678055963730246e-01 1.188088477151076816e+01 1.427836770248551943e+02
-8.979407318256845016e+00 1.082117376199084990e+00 7.532988056826164325e+01 -2.211243511509280779e+00 4.568560067125644331e-01 1.513701751370263310e+03 2.048026974544649548e+00 3.357994769897259744e+02 1.610113566520351469e+02 3.113858000969653428e-02 2.860688278663988116e-01 1.213933417895997380e+01 1.391513892746104091e+02
-8.304060481894353529e+00 1.052719417264136537e+00 8.053513688993777464e+01 -1.375918684345637466e+00 3.805120087734605305e-01 1.597656220885438643e+03 2.211097356031750394e+00 3.314201073568132188e+02 1.581372229134779559e+02 1.132310754031257312e-02 2.072786599767063809e+00 1.190057438272268442e+01 1.532903952135847305e+02
-7.066860322956924456e+00 1.163984482638119378e+00 7.799086888656771066e+01 -2.275299456069381776e+00 3.671313237820561515e-01 1.413461127428357713e+03 2.186765491531215133e+00 3.424954128944381750e+02 1.586558390278103730e+02 1.290341284652163530e-02 2.249689199577618037e+00 1.098469154958248772e+01 1.445902412595662270e+02
-9.808332138452096061e+00 1.051651100917423420e+00 8.116708264557760799e+01 -2.298380497498043518e+00 4.920252124212004530e-01 1.501420418220362080e+03 2.261578031370361064e+00 3.268193149480746342e+02 1.583374558282340843e+02 2.316261561781389131e-02 3.277041212945377424e-01 1.173933510351148790e+01 1.566750278452817042e+02
-8.737673496854752031e+00 1.030682783207658604e+00 8.239668341205262436e+01 -1.354949554421716273e+00 3.638607755099397822e-01 1.688522736576938769e+03 2.127217536949021603e+00 3.416414987872977349e+02 1.606918368777015473e+02 1.283271786988009547e-02 2.540888683147560112e+00 1.311740309986944553e+01 1.504598748722462744e+02
-8.889246378640992319e+00 1.010321534970896717e+00 8.217298508417709968e+01 -1.883032918670509481e+00 4.297040827957491760e-01 1.608759344674675731e+03 2.241439267478226416e+00 3.339138956296740730e+02 1.588968973480095599e+02 1.699743332170668142e-02 1.235449698010580466e+00 1.162366718920451092e+01 1.545523202516542653e+02
-7.545136990750835437e+00 1.271630268943717113e+00 7.313954835049413816e+01 -1.704272288610494179e+00 4.220423192302833471e-01 1.599093626696430420e+03 2.001036235420111886e+00 3.237092846156171504e+02 1.595650934530061704e+02 1.347552343885128831e-02 4.894872037497857709e-01 1.483816121738431448e+01 1.397872044273955510e+02
-9.437925318301108035e+00 1.198711512069624785e+00 7.618917042121077543e+01 -1.192476178068576864e+00 3.974835274752921976e-01 1.776750250267969705e+03 2.097284235684729214e+00 3.558630991213458969e+02 1.632845765978018164e+02 2.264342474662479898e-02 1.314335533434570102e+00 1.682028076224534274e+01 1.485689929017918871e+02
-9.937946151201643374e+00 1.003401803010174786e+00 8.192406840783473854e+01 -1.921552169182890291e+00 4.166821799342235177e-01 1.455057937800128684e+03 2.275407656770631615e+00 3.234531373094512787e+02 1.559214306239854579e+02 1.198669725794464583e-02 1.865920477360251795e+00 1.150970833792444914e+01 1.610002531393196534e+02
-8.299440622717064286e+00 1.020403465458335601e+00 7.884678395018407571e+01 -1.177554053428216063e+00 4.199282922433826282e-01 1.661988428507104345e+03 2.270416642412690589e+00 3.533904083754122780e+02 1.621782640216485731e+02 2.737911822574098583e-02 1.062070262980266300e+00 1.119733267659725051e+01 1.481390630618536477e+02
-1.055929106670608775e+01 1.011253126522351664e+00 7.994267698851137993e+01 -1.012693532076973657e+00 4.082123107629918590e-01 1.463202794354465368e+03 2.180381810700130707e+00 3.467841017220189883e+02 1.618893223033141453e+02 2.372815187432837300e-02 1.349278418893151255e+00 1.204820175679030037e+01 1.510432641911968972e+02
-8.595531831111880905e+00 1.120573766915206493e+00 7.659035290251648576e+01 -1.142748850513490622e+00 4.741552117863717664e-01 1.682989925922353450e+03 2.133209596653587337e+00 3.238649902289550937e+02 1.604848932506791357e+02 2.319024591484705744e-02 2.449599745855427224e-01 1.336827673505793612e+01 1.469875500939218682e+02
-9.455432497911155920e+00 1.010071598783622182e+00 8.037034707119903487e+01 -2.099470721733929679e+00 3.711035768753705999e-01 1.720103853176885195e+03 2.189669765737443097e+00 3.532841712915334824e+02 1.596542624220019206e+02 1.603495563170336674e-02 3.056663677597410977e+00 1.345368444728122448e+01 1.543475035935074118e+02
-7.441408903211323533e+00 1.108282829975882677e+00 7.870859136418876290e+01 -1.749235557558514120e+00 3.898235056954879041e-01 1.658567813353738075e+03 2.112726642026647728e+00 3.379903657165660888e+02 1.602638108366811593e+02 1.438645131679008697e-02 1.425941796497157021e+00 1.242699348055779573e+01 1.439105020018952814e+02
-7.127505652247003276e+00 1.206361198385345279e+00 7.732061564865524872e+01 -1.821329633337332554e+00 4.401051992823443171e-01 1.740545609296804059e+03 2.031823702412760557e+00 3.397468417749198579e+02 1.632628978091792078e+02 2.602835565445923635e-02 3.804646338886961687e-01 1.409233870807079292e+01 1.376221931577821067e+02
-7.087137244139505299e+00 1.083701510703488191e+00 8.188103559061704573e+01 -2.295775523676593100e+00 3.775607685672995317e-01 1.615781091395734165e+03 2.023075097570576464e+00 3.331550647519711674e+02 1.603558734926634202e+02 1.120323660446038982e-02 1.759465771783737642e+00 1.204373454649384989e+01 1.401388668398338950e+02
-9.868663926884025273e+00 1.187452266418359326e+00 8.041908757950548647e+01 -1.858447120698544897e+00 4.100533070321890627e-01 1.576935675923836698e+03 2.284860663181857543e+00 3.338391360904636258e+02 1.570418965903309640e+02 1.422772253445445112e-02 2.060747701871540105e+00 1.468356996881052545e+01 1.641045717856121655e+02
-8.580612355689360982e+00 1.235587605686367940e+00 8.002405418553853167e+01 -2.217162984390530944e+00 3.760362322607793129e-01 1.702752979523176009e+03 2.260915070997506771e+00 3.420530435113755630e+02 1.572835342403416234e+02 1.444298261784331301e-02 3.004415186988639519e+00 1.544928234737022166e+01 1.616614164490962082e+02
-1.037076264473973097e+01 1.239578099799180322e+00 7.909692345313968076e+01 -1.151536433777166524e+00 4.681010259192910361e-01 1.617009658387399213e+03 2.204637217484581413e+00 3.521544732418962553e+02 1.641590180557785459e+02 3.887351777633184235e-02 4.190316886109730077e-01 1.575520643093441819e+01 1.543550656139846069e+02
-1.067107035818335881e+01 1.025555447631445682e+00 7.535807150490113315e+01 -1.313904439836647509e+00 4.685340626225417693e-01 1.434875774901482146e+03 2.224331948182626917e+00 3.297138864871429291e+02 1.586578131578640694e+02 2.625025473876337404e-02 4.078642865411621354e-01 1.169388924486682235e+01 1.531236014979669164e+02
-7.531033428757456960e+00 1.160239982720131513e+00 7.298596976123150171e+01 -2.155297770118176359e+00 4.466050982386414181e-01 1.701902899379040946e+03 2.203488399927231445e+00 3.544711372499818935e+02 1.614688348320779880e+02 3.202701407955117069e-02 5.604499575637922337e-01 1.243171771326205644e+01 1.423085012649198404e+02
-7.907004581973759549e+00 1.194206769198225437e+00 7.342759667054643558e+01 -2.125299919628425460e+00 4.936188324467243316e-01 1.627086925092186902e+03 2.284859475619493985e+00 3.611063899407883468e+02 1.632151979173819711e+02 6.042763946260139990e-02 2.623653508614674501e-01 1.191015211797090245e+01 1.436436363467805393e+02
-8.072678848580142841e+00 1.082141900912077181e+00 7.559529616875609292e+01 -1.767103510128476662e+00 4.547067244341905790e-01 1.410213416961127450e+03 2.099710905599014854e+00 3.366958868632434019e+02 1.618330751745529312e+02 4.039756767659182651e-02 2.955355881203292068e-01 1.037556327686078461e+01 1.359696215351594901e+02
-9.688407086153970837e+00 1.288669508313139866e+00 7.933477790895480553e+01 -2.356648224633384192e+00 3.960073243671951571e-01 1.442425856321307037e+03 2.142017378801161165e+00 3.648137095222687662e+02 1.634078088235947348e+02 2.558241569217119954e-02 1.916889711817677311e+00 1.487801136418270787e+01 1.495388263463831038e+02
-8.215099620215028153e+00 1.146599725149931581e+00 7.409792087743866773e+01 -1.595013563609494645e+00 4.158376656359449308e-01 1.771893531760083761e+03 2.273491680060513165e+00 3.686159369645163224e+02 1.626545879352981956e+02 3.096119478270615427e-02 1.212107834764399206e+00 1.324678567560677500e+01 1.481179714074682181e+02
-7.686812390978660758e+00 1.017649900431861765e+00 7.885013184812260079e+01 -1.125403887813254622e+00 4.028603977285944993e-01 1.562141329001213990e+03 2.268961834885453666e+00 3.319029145264594831e+02 1.584965366954849628e+02 1.420766834836865999e-02 1.294979413827632264e+00 1.043749509474029047e+01 1.500557464086483037e+02
-8.728038654926997708e+00 1.177780034396130437e+00 8.130747234958349168e+01 -1.661406983769933010e+00 4.742591819591041036e-01 1.519866526298251983e+03 2.133091850924822008e+00 3.315322284720172092e+02 1.623548193479301460e+02 2.953923786037851093e-02 2.288954894787873506e-01 1.281000402065561161e+01 1.467794718605111939e+02
-1.032314620642867098e+01 1.263312642227547133e+00 7.488074999069681326e+01 -1.682123272882010800e+00 4.870261537782392125e-01 1.689090090353488449e+03 2.161978896813026907e+00 3.690946850372137078e+02 1.663979838782914840e+02 7.029408115468208096e-02 2.091055254340198621e-01 1.648341426322655323e+01 1.473996818696404318e+02
-1.095845349755094134e+01 1.276918185062918321e+00 8.097866421096408374e+01 -1.615772573382868060e+00 4.780947866374272159e-01 1.554110288121429448e+03 2.199732098616713483e+00 3.443181582391625284e+02 1.626912310908957977e+02 3.125938982751080841e-02 4.015801270318779537e-01 1.661954392229651845e+01 1.588294280630209983e+02
-9.051107080754629663e+00 1.230581385848890097e+00 8.268760797955479802e+01 -2.056374193751281165e+00 4.019594811228633935e-01 1.794167240951838266e+03 2.131093044838575423e+00 3.337858813332987324e+02 1.592477601879918154e+02 1.436838185660604603e-02 1.961484352441652756e+00 1.754946692449688683e+01 1.590655697840942935e+02
-9.721186815239763135e+00 1.155731350904235288e+00 7.740032143462579484e+01 -2.260425532453536057e+00 4.023278087016328719e-01 1.773049822247238353e+03 2.182163600863205932e+00 3.428736084030142024e+02 1.579696815796106932e+02 1.585231083624019655e-02 2.097654362298657205e+00 1.643504899383001572e+01 1.587511207513994975e+02
-9.729185314015674990e+00 1.184389077739624430e+00 8.067993806956387459e+01 -1.388322300370704587e+00 4.864251616473830864e-01 1.441365806258854263e+03 2.185689745108639670e+00 3.334050209308265380e+02 1.623102799900494517e+02 3.584857709434061818e-02 2.000318292582798918e-01 1.286544539773545814e+01 1.508548253282857274e+02
-7.587664905782776081e+00 1.030745177562578885e+00 7.479899925707428565e+01 -1.990397531379560325e+00 4.306997898498208244e-01 1.734442864607600995e+03 2.107332610689577557e+00 3.617799365402532885e+02 1.642604652190008778e+02 4.283992852233730469e-02 5.996866287339405188e-01 1.147127492017068917e+01 1.343704249890908216e+02
-1.001188186540828795e+01 1.168809762280091924e+00 7.481071181960270167e+01 -1.129988751850497186e+00 4.902086540230315426e-01 1.474083860776714118e+03 2.245718613707514244e+00 3.687108725171938204e+02 1.665380563932752409e+02 1.043103684840916423e-01 2.559882597850431374e-01 1.227334689570018433e+01 1.438824734281676285e+02
-1.021573274346688365e+01 1.286217174612476422e+00 7.454132533852879305e+01 -1.042017088260402291e+00 4.654152254891556484e-01 1.432488381715260402e+03 2.082633336427266890e+00 3.617974171929579938e+02 1.672691313158047706e+02 8.488120791493654338e-02 2.556523400509612132e-01 1.475298273520582093e+01 1.400833866209866869e+02
-1.062139800940184919e+01 1.222903275937076595e+00 8.251102813160130722e+01 -1.865286875754793572e+00 4.323828200280620537e-01 1.581892193046078546e+03 2.102763727313054609e+00 3.545940034104443725e+02 1.644404679151847404e+02 2.841421393926455916e-02 1.057895081020041150e+00 1.643865329476434312e+01 1.527169007177231208e+02
-9.289468188313518837e+00 1.247392215700232843e+00 8.250506617109468266e+01 -2.047144151432532144e+00 4.125624417030175350e-01 1.421729200454693455e+03 2.070990695966826056e+00 3.729671951246770618e+02 1.682262209101067754e+02 5.335779364800902203e-02 1.103192804951189654e+00 1.364270831744470591e+01 1.399600816891633315e+02
-7.930192217649613795e+00 1.099753101461965921e+00 7.342651642099362164e+01 -1.020377995226531942e+00 4.650316109940219045e-01 1.535197441201049742e+03 2.099677210401079908e+00 3.524885795798679169e+02 1.657376588474033952e+02 7.994123162768015933e-02 2.874163938065288915e-01 1.083152703753382085e+01 1.317174575956431397e+02
-8.707909230193497052e+00 1.076305531013827421e+00 8.000595638922997921e+01 -1.632168929303630112e+00 3.786329741970865248e-01 1.461642025503244668e+03 2.119171109588839919e+00 3.368180777380132440e+02 1.598544723055263148e+02 1.271585572332416605e-02 1.887488580251583947e+00 1.177045971440354677e+01 1.466493114739472787e+02
-1.008677906129440949e+01 1.018624021014447489e+00 7.332072282172916289e+01 -1.614571010312437993e+00 4.064112073696429239e-01 1.486447712509666644e+03 2.277829454005092735e+00 3.503688658487081966e+02 1.583264865815743576e+02 2.087421896707555499e-02 1.620353907115175573e+00 1.153937110145264100e+01 1.530602837860650141e+02
-9.176392399890042739e+00 1.205214003754187413e+00 8.171587789182137840e+01 -1.054134028901806186e+00 3.770181903669406753e-01 1.595748395126503283e+03 2.280858524402975540e+00 3.605654530225959320e+02 1.626595121124994705e+02 2.070869535921558008e-02 2.432043077493438510e+00 1.401578445159130482e+01 1.570843443767926146e+02
